14,418
14,417
14,416
14,415
14,414
14,413
14,412
14,411
14,410
14,409
14,408
14,407
14,406
14,405
14,404
14,403
14,402
14,401
14,400
14,399
14,398
14,397
14,396
14,395
14,394
14,393
14,392
14,391
14,390
14,389
14,388
14,387
14,386
14,385
14,384
14,383
14,382
14,381
14,380
14,379
14,378
14,377
14,376
14,375
14,374
14,373
14,372
14,371
14,370
14,369
14,368
14,367
14,366
14,365
14,364
14,363
14,362
14,361
14,360
14,359
14,358
14,357
14,356
14,355
14,354
14,353
14,352
14,351
14,350
14,349
14,348
14,347
14,346
14,345
14,344
14,343
14,342
14,341
14,340
14,339
14,338
14,337
14,336
14,335
14,334
14,333
14,332
14,331
14,330
14,329
14,328
14,327
14,326
14,325
14,324
14,323
14,322
14,321
14,320
14,319
14,318
14,317
14,316
14,315
14,314
14,313
14,312
14,311
14,310
14,309
14,308
14,307
14,306
14,305
14,304
14,303
14,302
14,301
14,300
14,299
14,298
14,297
14,296
14,295
14,294
14,293
14,292
14,291
14,290
14,289
14,288
14,287
14,286
14,285
14,284
14,283
14,282
14,281
14,280
14,279
14,278
14,277
14,276
14,275
14,274
14,273
14,272
14,271
14,270
14,269
14,268
14,267
14,266
14,265
14,264
14,263
14,262
14,261
14,260
14,259
14,258
14,257
14,256
14,255
14,254
14,253
14,252
14,251
14,250
14,249
14,248
14,247
14,246
14,245
14,244
14,243
14,242
14,241
14,240
14,239
14,238
14,237
14,236
14,235
14,234
14,233
14,232
14,231
14,230
14,229
14,228
14,227
14,226
14,225
14,224
14,223
14,222
14,221
14,220
14,219
14,218
14,217
14,216
14,215
14,214
14,213
14,212
14,211
14,210
14,209
14,208
14,207
14,206
14,205
14,204
14,203
14,202
14,201
14,200
14,199
14,198
14,197
14,196
14,195
14,194
14,193
14,192
14,191
14,190
14,189
14,188
14,187
14,186
14,185
14,184
14,183
14,182
14,181
14,180
14,179
14,178
14,177
14,176
14,175
14,174
14,173
14,172
14,171
14,170
14,169
14,168
14,167
14,166
14,165
14,164
14,163
14,162
14,161
14,160
14,159
14,158
14,157
14,156
14,155
14,154
14,153
14,152
14,151
14,150
14,149
14,148
14,147
14,146
14,145
14,144
14,143
14,142
14,141
14,140
14,139
14,138
14,137
14,136
14,135
14,134
14,133
14,132
14,131
14,130
14,129
14,128
14,127
14,126
14,125
14,124
14,123
14,122
14,121
14,120
14,119
14,118
14,117
14,116
14,115
14,419
14,420
14,422
14,423
14,425
14,426
14,428
14,430
14,431
14,433
14,434
14,436
14,438
14,439
14,441
14,442
14,444
14,445
14,447
14,449
14,450
14,452
14,453
14,455
14,457
14,458
14,460
14,461
14,463
14,464
14,466
14,468
14,469
14,471
14,472
14,474
14,476
14,477
14,479
14,480
14,482
14,483
14,485
14,487
14,488
14,490
14,491
14,493
14,495
14,496
14,498
14,499
14,501
14,503
14,504
14,506
14,507
14,509
14,510
14,512
14,514
14,515
14,517
14,518
14,520
14,522
14,523
14,525
14,526
14,528
14,529
14,531
14,533
14,534
14,536
14,537
14,539
14,541
14,542
14,544
14,545
14,547
14,548
14,550
14,552
14,553
14,555
14,556
14,558
14,560
14,561
14,563
14,564
14,566
14,568
14,569
14,571
14,572
14,574
14,575
14,577
14,579
14,580
14,582
14,583
14,585
14,587
14,588
14,590
14,591
14,593
14,594
14,596
14,598
14,599
14,601
14,602
14,604
14,606
14,607
14,609
14,610
14,612
14,613
14,615
14,617
14,618
14,620
14,621
14,623
14,625
14,626
14,628
14,629
14,631
14,632
14,634
14,636
14,637
14,639
14,640
14,642
14,644
14,645
14,647
14,648
14,650
14,652
14,653
14,655
14,656
14,658
14,659
14,661
14,663
14,664
14,666
14,667
14,669
14,671
14,672
14,674
14,675
14,677
14,678
14,680
14,682
14,683
14,685
14,686
14,688
14,690
14,691
14,693
14,694
14,696
14,697
14,699
14,701
14,702
14,704
14,705
14,707
14,709
14,710
14,712
14,713
14,715
14,717
14,718
14,720
14,721
14,723
14,724
14,726
14,728
14,729
14,731
14,732
14,734
14,736
14,737
14,739
14,740
14,742
14,743
14,745
14,747
14,748
14,750
14,751
14,753
14,755
14,756
14,758
14,759
14,761
14,762
14,764
14,766
14,767
14,769
14,770
14,772
14,774
14,775
14,777
14,778
14,780
14,781
14,783
14,785
14,786
14,788
14,789
14,791
14,793
14,794
14,796
14,797
14,799
14,801
14,802
14,804
14,805
14,807
14,808
14,810
14,812
14,813
14,815
14,816
14,818
14,820
14,821
14,823
14,824
14,826
14,827
14,829
14,831
14,832
14,834
14,835
14,837
14,839
14,840
14,842
14,843
14,845
14,846
14,848
14,850
14,851
14,853
14,854
14,856
14,858
14,859
14,861
14,862
14,864
14,866
14,867
14,869
14,870
14,872
14,873
14,875
14,877
14,878
14,880
14,881
14,883
14,885
14,886
14,888
14,889
14,891
14,892
14,894
14,896
14,897
14,899
14,900
14,902
14,904
14,905
14,907
14,908
14,910
14,911
14,913
14,915
14,916
14,918
14,919
14,921
14,923
14,924
14,926
14,927
14,929
14,931
14,932
14,934
14,935
14,937
14,938
14,940
14,942
14,943
14,945
14,946
14,948
14,950
14,951
14,953
14,954
14,956
14,957
14,959
14,961
14,962
14,964
14,965
14,967
14,969
14,970
14,972
14,973
14,975
14,976
14,978
14,980
14,981
14,983
14,984
14,986
14,988
14,989
14,991
14,992
14,994
14,995
14,997
14,999
14,1000
14,1002
14,1003
14,1005
14,1007
14,1008
14,1010
14,1011
14,1013
14,1015
14,1016
14,1018
14,1019
14,1021
14,1022
14,1024
14,1026
14,1027
14,1029
14,1030
14,1032
14,1034
14,1035
14,1037
14,1038
14,1040
14,1041
14,1043
14,1045
14,1046
14,1048
14,1049
14,1051
14,1053
14,1054
14,1056
14,1057
14,1059
14,1060
14,1062
14,1064
14,1065
14,1067
14,1068
14,1070
14,1072
14,1073
14,1075
14,1076
14,1078
14,1080
14,1081
14,1083
14,1084
14,1086
14,1087
14,1089
14,1091
14,1092
14,1094
14,1095
14,1097
14,1099
14,1100
14,1102
14,1103
14,1105
14,1106
14,1108
14,1110
14,1111
14,1113
14,1114
14,1116
14,1118
14,1119
14,1121
14,1122
14,1124
14,1125
14,1127
14,1129
14,1130
14,1132
14,1133
14,1135
14,1137
14,1138
14,1140
14,1141
14,1143
14,1144
14,1146
14,1148
14,1149
14,1151
14,1152
14,1154
14,1156
14,1157
14,1159
14,1160
14,1162
14,1164
14,1165
14,1167
14,1168
14,1170
14,1171
14,1173
14,1175
14,1176
14,1178
14,1179
14,1181
14,1183
14,1184
14,1186
14,1187
14,1189
14,1190
14,1192
14,1194
14,1195
14,1197
14,1198
14,1200
14,1202
14,1203
14,1205
14,1206
14,1208
14,1209
14,1211
14,1213
14,1214
14,1216
14,1217
14,1219
14,1221
14,1222
14,1224
14,1225
14,1227
14,1229
14,1230
14,1232
14,1233
14,1235
14,1236
14,1238
14,1240
14,1241
14,1243
14,1244
14,1246
14,1248
14,1249
14,1251
14,1252
14,1254
14,1255
14,1257
14,1259
14,1260
14,1262
14,1263
14,1265
14,1267
14,1268
14,1270
14,1271
14,1273
14,1274
14,1276
14,1278
14,1279
14,1281
14,1282
14,1284
14,1286
14,1287
14,1289
14,1290
14,1292
14,1293
14,1295
14,1297
14,1298
14,1300
14,1301
14,1303
14,1305
14,1306
14,1308
14,1309
14,1311
14,1313
14,1314
14,1316
14,1317
14,1319
14,1320
14,1322
14,1324
14,1325
14,1327
14,1328
14,1330
14,1332
14,1333
14,1335
14,1336
14,1338
14,1339
14,1341
14,1343
14,1344
14,1346
14,1347
14,1349
14,1351
14,1352
14,1354
14,1355
14,1357
14,1358
14,1360
14,1362
14,1363
14,1365
14,1366
14,1368
14,1370
14,1371
15,1
15,2
16,2
16,3
0,49
0,0
1,3
3,19
2,22
2,24
3,25
1,28
1,30
1,31
3,31
1,32
3,32
1,33
3,33
1,34
3,34
2,35
3,35
2,36
3,36
2,37
1,38
2,38
1,39
2,39
1,40
2,40
7,3
1,41
3,41
1,42
3,42
1,43
3,43
2,44
3,44
1,45
1,44
2,43
2,42
2,41
3,40
3,39
3,38
3,37
1,37
1,36
1,35
2,34
2,33
2,32
2,31
3,30
3,26
2,23
1,21
0,6
16,4
16,1
15,3
14,1372
14,1369
14,1367
14,1364
14,1361
14,1359
14,1356
14,1353
14,1350
14,1348
14,1345
14,1342
14,1340
14,1337
14,1334
14,1331
14,1329
14,1326
14,1323
14,1321
14,1318
14,1315
14,1312
14,1310
14,1307
14,1304
14,1302
14,1299
14,1296
14,1294
14,1291
14,1288
14,1285
14,1283
14,1280
14,1277
14,1275
14,1272
14,1269
14,1266
14,1264
14,1261
14,1258
14,1256
14,1253
14,1250
14,1247
14,1245
14,1242
14,1239
14,1237
14,1234
14,1231
14,1228
14,1226
14,1223
14,1220
14,1218
14,1215
14,1212
14,1210
14,1207
14,1204
14,1201
14,1199
14,1196
14,1193
14,1191
14,1188
14,1185
14,1182
14,1180
14,1177
14,1174
14,1172
14,1169
14,1166
14,1163
14,1161
14,1158
14,1155
14,1153
14,1150
14,1147
14,1145
14,1142
14,1139
14,1136
14,1134
14,1131
14,1128
14,1126
14,1123
14,1120
14,1117
14,1115
14,1112
14,1109
14,1107
14,1104
14,1101
14,1098
14,1096
14,1093
14,1090
14,1088
14,1085
14,1082
14,1079
14,1077
14,1074
14,1071
14,1069
14,1066
14,1063
14,1061
14,1058
14,1055
14,1052
14,1050
14,1047
14,1044
14,1042
14,1039
14,1036
14,1033
14,1031
14,1028
14,1025
14,1023
14,1020
14,1017
14,1014
14,1012
14,1009
14,1006
14,1004
14,1001
14,998
14,996
14,993
14,990
14,987
14,985
14,982
14,979
14,977
14,974
14,971
14,968
14,966
14,963
14,960
14,958
14,955
14,952
14,949
14,947
14,944
14,941
14,939
14,936
14,933
14,930
14,928
14,925
14,922
14,920
14,917
14,914
14,912
14,909
14,906
14,903
14,901
14,898
14,895
14,893
14,890
14,887
14,884
14,882
14,879
14,876
14,874
14,871
14,868
14,865
14,863
14,860
14,857
14,855
14,852
14,849
14,847
14,844
14,841
14,838
14,836
14,833
14,830
14,828
14,825
14,822
14,819
14,817
14,814
14,811
14,809
14,806
14,803
14,800
14,798
14,795
14,792
14,790
14,787
14,784
14,782
14,779
14,776
14,773
14,771
14,768
14,765
14,763
14,760
14,757
14,754
14,752
14,749
14,746
14,744
14,741
14,738
14,735
14,733
14,730
14,727
14,725
14,722
14,719
14,716
14,714
14,711
14,708
14,706
14,703
14,700
14,698
14,695
14,692
14,689
14,687
14,684
14,681
14,679
14,676
14,673
14,670
14,668
14,665
14,662
14,660
14,657
14,654
14,651
14,649
14,646
14,643
14,641
14,638
14,635
14,633
14,630
14,627
14,624
14,622
14,619
14,616
14,614
14,611
14,608
14,605
14,603
14,600
14,597
14,595
14,592
14,589
14,586
14,584
14,581
14,578
14,576
14,573
14,570
14,567
14,565
14,562
14,559
14,557
14,554
14,551
14,549
14,546
14,543
14,540
14,538
14,535
14,532
14,530
14,527
14,524
14,521
14,519
14,516
14,513
14,511
14,508
14,505
14,502
14,500
14,497
14,494
14,492
14,489
14,486
14,484
14,481
14,478
14,475
14,473
14,470
14,467
14,465
14,462
14,459
14,456
14,454
14,451
14,448
14,446
14,443
14,440
14,437
14,435
14,432
14,429
14,427
14,424
14,421
14,114
14,113
14,112
14,111
14,110
14,109
14,108
14,107
14,106
14,105
14,104
14,103
14,102
14,101
14,100
14,99
14,98
14,97
14,96
14,95
14,94
14,93
14,92
14,91
14,90
14,89
14,88
14,87
14,86
14,85
14,84
14,83
14,82
14,81
14,80
14,79
14,78
14,77
14,76
14,75
14,74
14,73
14,72
14,71
14,70
14,69
14,68
14,67
14,66
14,65
14,64
14,35
14,34
14,33
14,32
14,31
14,30
14,29
14,28
14,27
14,26
14,25
14,24
14,23
14,22
14,21
14,20
14,19
14,18
14,17
14,16
14,15
14,14
14,13
14,12
14,11
14,10
14,9
14,8
14,7
14,6
14,5
14,3
14,2
14,1
5,3
4,3
3,29
3,28
3,27
3,24
3,23
3,22
3,21
3,20
3,18
3,17
3,16
3,15
3,14
3,13
3,12
3,11
3,10
3,9
3,8
3,7
3,6
3,5
3,4
3,3
3,2
3,0
2,30
2,29
2,28
2,27
2,26
2,25
2,21
2,20
2,19
2,18
2,17
2,16
2,15
2,14
2,13
2,12
2,11
2,10
2,9
2,8
2,7
2,6
2,5
2,4
2,3
2,2
2,0
1,29
1,27
1,26
1,25
1,24
1,23
1,22
1,20
1,19
1,18
1,17
1,16
1,15
1,14
1,13
1,12
1,11
1,10
1,9
1,8
1,7
1,6
1,5
1,4
1,2
1,0
0,48
0,47
0,46
0,45
0,12
0,11
0,10
0,9
0,8
0,5
0,7
0,4
0,3
16,0
15,0
14,0
